4294967279,76
4294967279,75
4294967279,74
4294967279,73
4294967279,72
4294967279,71
4294967279,70
4294967279,94
4294967279,90
4294967279,87
4294967279,86
4294967279,85
4294967279,84
4294967279,83
4294967279,82
4294967279,81
4294967279,80
4294967279,79
4294967279,78
4294967279,77
4294967294,990
4294967294,435
4294967279,217
4294967279,362
4294967278,553
4294967278,552
4294967279,361
4294967279,360
4294967278,551
4294967279,359
4294967279,99
4294967279,212
4294967278,550
4294967279,358
4294967279,98
4294967279,96
4294967279,209
4294967279,357
4294967279,97
4294967278,549
4294967279,95
4294967279,208
4294967278,206
4294967279,356
4294967279,93
4294967279,355
4294967279,92
4294967294,162
4294967294,188
4294967294,1032
4294967294,1025
4294967278,548
4294967279,354
4294967279,91
4294967279,89
4294967278,547
4294967279,353
25,5
25,4
25,2
25,1
4294967278,546
4294967278,192
4294967278,193
24,6
4294967278,191
24,5
4294967278,188
23,5
24,4
24,3
24,2
24,1
4294967278,184
4294967278,183
23,4
23,3
23,2
23,1
4294967278,545
4294967279,109
4294967279,108
4294967279,107
4294967279,106
4294967279,105
4294967279,104
4294967279,103
4294967279,102
4294967279,101
4294967279,100
4294967278,544
4294967278,177
4294967279,352
4294967279,351
4294967278,543
4294967278,542
4294967279,350
4294967278,541
4294967278,172
4294967279,349
4294967278,540
4294967294,462
4294967294,450
4294967294,119
4294967294,116
4294967279,348
4294967278,539
4294967278,538
4294967279,347
4294967279,346
4294967279,123
4294967279,122
4294967279,121
4294967279,120
4294967279,119
4294967279,118
4294967279,117
4294967279,116
4294967279,115
4294967279,114
4294967279,113
4294967279,112
4294967279,111
4294967279,110
4294967278,537
4294967278,536
4294967278,165
4294967278,535
4294967279,345
4294967279,344
4294967279,343
21,5
21,4
21,2
21,1
4294967278,534
4294967278,38
4294967278,37
4294967278,36
4294967278,35
4294967278,33
4294967278,32
4294967278,30
4294967278,29
4294967278,28
4294967278,24
4294967278,20
4294967278,19
4294967278,283
4294967278,18
4294967278,17
4294967278,16
4294967278,15
4294967278,14
4294967278,13
4294967278,12
4294967278,11
4294967278,10
4294967278,9
4294967278,8
4294967278,7
4294967278,6
4294967278,262
4294967278,5
4294967278,4
4294967279,132
4294967279,131
4294967279,130
4294967279,129
4294967279,128
4294967279,127
4294967279,126
4294967279,125
4294967279,124
4294967279,20
4294967279,15
4294967279,13
4294967294,445
4294967278,154
4294967278,155
20,6
4294967278,152
4294967294,178
4294967294,984
4294967294,1034
4294967294,982
4294967294,966
4294967278,153
4294967278,533
20,5
4294967278,150
19,5
4294967278,148
20,4
4294967278,147
20,3
20,2
20,1
4294967278,532
4294967278,34
4294967278,146
4294967278,31
4294967278,145
19,4
19,3
19,2
19,1
4294967278,144
4294967278,143
4294967278,142
4294967279,278
4294967278,141
4294967278,140
4294967279,277
4294967278,27
4294967278,274
4294967279,26
4294967279,138
4294967279,276
4294967279,342
4294967278,531
4294967278,26
4294967278,25
4294967278,137
4294967279,288
4294967278,272
4294967278,285
4294967278,136
4294967279,341
4294967279,135
4294967279,24
4294967278,23
4294967278,286
4294967278,22
4294967278,317
4294967279,22
4294967279,134
4294967294,391
4294967278,21
4294967279,340
4294967278,530
4294967279,272
4294967279,339
4294967279,17
4294967279,270
4294967279,338
4294967278,529
4294967279,269
4294967279,14
4294967279,268
4294967279,285
4294967278,528
4294967279,267
4294967279,337
4294967279,12
4294967279,283
4294967279,264
17,5
17,4
4294967279,263
17,2
17,1
4294967294,399
4294967278,527
4294967279,282
16,6
4294967279,336
4294967278,526
4294967278,525
4294967279,335
4294967279,334
4294967278,524
16,5
4294967278,259
4294967278,523
4294967278,522
4294967278,521
4294967279,333
15,5
4294967278,258
4294967279,332
16,4
4294967278,257
16,3
16,2
16,1
4294967278,256
4294967294,1152
4294967294,976
4294967294,171
4294967294,1028
4294967294,172
4294967294,163
4294967294,975
4294967294,189
4294967278,255
4294967294,114
4294967278,253
15,4
4294967278,251
15,3
15,2
15,1
4294967278,250
4294967278,249
4294967278,247
14,2
14,1
4294967278,245
4294967278,243
4294967279,331
4294967278,242
4294967294,411
4294967294,402
4294967294,401
4294967294,176
4294967294,387
4294967294,405
4294967294,414
4294967294,444
4294967294,173
4294967294,110
4294967294,415
4294967279,330
4294967278,520
4294967278,239
4294967294,609
4294967278,236
4294967278,235
4294967278,233
4294967278,229
4294967278,228
4294967278,231
4294967278,226
4294967294,416
4294967294,29
4294967294,40
4294967294,37
4294967278,227
4294967278,224
4294967294,42
4294967294,39
4294967278,223
4294967278,221
4294967294,43
4294967294,398
4294967294,44
4294967294,393
4294967278,219
4294967278,218
4294967279,329
4294967294,422
4294967294,52
4294967278,217
4294967278,519
4294967294,53
4294967294,589
4294967278,216
4294967278,518
4294967278,214
13,5
4294967278,213
13,4
13,2
13,1
4294967279,328
4294967278,212
4294967278,209
4294967294,90
4294967294,87
4294967294,86
